[
  {
    "sample_index": 1,
    "mode": "eye_to_hand",
    "timestamp_s": 1776929442.3433459,
    "frame": "robot",
    "note": null,
    "T_base_flange": [
      [
        0.02051520347595215,
        -0.9951192140579224,
        0.09652343392372131,
        0.1463100016117096
      ],
      [
        0.009935287758708,
        0.09674191474914551,
        0.9952598810195923,
        0.37727099657058716
      ],
      [
        -0.9997401833534241,
        -0.019458971917629242,
        0.011871476657688618,
        -0.3451569974422455
      ],
      [
        0.0,
        0.0,
        0.0,
        1.0
      ]
    ],
    "T_tag_cam": [
      [
        0.9978978461576351,
        -0.00924385195215311,
        -0.06414389943743354,
        0.1904828238417169
      ],
      [
        -0.051379797119642884,
        -0.716074697938184,
        -0.6961301196045768,
        0.40810282865538167
      ],
      [
        -0.03949689964917813,
        0.6979624475384223,
        -0.7150443459983986,
        -0.024681754764701826
      ],
      [
        0.0,
        0.0,
        0.0,
        1.0
      ]
    ],
    "T_cam_tag": [
      [
        0.9978978461576349,
        -0.051379797119642884,
        -0.03949689964917813,
        -0.17008901189251463
      ],
      [
        -0.009243851952153123,
        -0.7160746979381842,
        0.6979624475384224,
        0.3112198427452564
      ],
      [
        -0.06414389943743352,
        -0.696130119604577,
        -0.7150443459983987,
        0.2786624328260794
      ],
      [
        0.0,
        0.0,
        0.0,
        1.0
      ]
    ],
    "T_camera_tag": [
      [
        0.9978978461576349,
        -0.051379797119642884,
        -0.03949689964917813,
        -0.17008901189251463
      ],
      [
        -0.009243851952153123,
        -0.7160746979381842,
        0.6979624475384224,
        0.3112198427452564
      ],
      [
        -0.06414389943743352,
        -0.696130119604577,
        -0.7150443459983987,
        0.2786624328260794
      ],
      [
        0.0,
        0.0,
        0.0,
        1.0
      ]
    ],
    "tag_frame": "robot",
    "robot_pose_m_rad": [
      0.14631,
      0.377271,
      -0.345157,
      -1.023,
      1.548,
      0.451
    ],
    "xyz_mm": [
      146.31,
      377.271,
      -345.157
    ],
    "rpy_rad": [
      -1.023,
      1.548,
      0.451
    ],
    "joint_deg": [
      33.99700164794922,
      -84.63899993896484,
      -44.233001708984375,
      -63.3650016784668,
      68.52999877929688,
      133.177001953125
    ],
    "reproj_error": 0.6721581963459649,
    "frames_used": 16,
    "debug_image_path": "/home/tr4/workspace/eye_to_hand/debug_frames/1776929442.343346.png"
  },
  {
    "sample_index": 2,
    "mode": "eye_to_hand",
    "timestamp_s": 1776929457.1543353,
    "frame": "robot",
    "note": null,
    "T_base_flange": [
      [
        0.5631380081176758,
        -0.8263493180274963,
        -0.004731103777885437,
        0.3153649866580963
      ],
      [
        0.065618596971035,
        0.03900895267724991,
        0.997081995010376,
        0.38568300008773804
      ],
      [
        -0.8237534761428833,
        -0.561805248260498,
        0.07619131356477737,
        -0.33882999420166016
      ],
      [
        0.0,
        0.0,
        0.0,
        1.0
      ]
    ],
    "T_tag_cam": [
      [
        0.8305371187050568,
        -0.5558507746574589,
        0.03518537715877637,
        0.16798793250953886
      ],
      [
        -0.4007095263865092,
        -0.6402164036591536,
        -0.6554043270751574,
        0.4408525643559812
      ],
      [
        0.3868332585445594,
        0.5302385055788038,
        -0.7544581878973515,
        -0.07554367561946254
      ],
      [
        0.0,
        0.0,
        0.0,
        1.0
      ]
    ],
    "T_cam_tag": [
      [
        0.8305371187050569,
        -0.4007095263865092,
        0.3868332585445593,
        0.06635641502798122
      ],
      [
        -0.5558507746574587,
        -0.6402164036591531,
        0.5302385055788036,
        0.4156734313808274
      ],
      [
        0.035185377158776475,
        -0.655404327075157,
        -0.7544581878973511,
        0.22603141490265294
      ],
      [
        0.0,
        0.0,
        0.0,
        1.0
      ]
    ],
    "T_camera_tag": [
      [
        0.8305371187050569,
        -0.4007095263865092,
        0.3868332585445593,
        0.06635641502798122
      ],
      [
        -0.5558507746574587,
        -0.6402164036591531,
        0.5302385055788036,
        0.4156734313808274
      ],
      [
        0.035185377158776475,
        -0.655404327075157,
        -0.7544581878973511,
        0.22603141490265294
      ],
      [
        0.0,
        0.0,
        0.0,
        1.0
      ]
    ],
    "tag_frame": "robot",
    "robot_pose_m_rad": [
      0.315365,
      0.385683,
      -0.33883,
      -1.436,
      0.968,
      0.116
    ],
    "xyz_mm": [
      315.365,
      385.683,
      -338.83000000000004
    ],
    "rpy_rad": [
      -1.436,
      0.968,
      0.116
    ],
    "joint_deg": [
      34.69300079345703,
      -60.07400131225586,
      -44.24599838256836,
      -82.15299987792969,
      60.58000183105469,
      129.45799255371094
    ],
    "reproj_error": 0.9234902378738884,
    "frames_used": 14,
    "debug_image_path": "/home/tr4/workspace/eye_to_hand/debug_frames/1776929457.154335.png"
  },
  {
    "sample_index": 3,
    "mode": "eye_to_hand",
    "timestamp_s": 1776929480.160172,
    "frame": "robot",
    "note": null,
    "T_base_flange": [
      [
        0.35032472014427185,
        -0.8294855952262878,
        -0.435001403093338,
        0.230320006608963
      ],
      [
        0.0351497158408165,
        -0.4524631202220917,
        0.8910901546478271,
        0.36417800188064575
      ],
      [
        -0.9359685182571411,
        -0.3274610638618469,
        -0.12935282289981842,
        -0.3532159924507141
      ],
      [
        0.0,
        0.0,
        0.0,
        1.0
      ]
    ],
    "T_tag_cam": [
      [
        0.8196980643431342,
        -0.33560351084345236,
        0.46418247147179936,
        0.16835008015942138
      ],
      [
        0.11736126053190717,
        -0.6947854110543943,
        -0.7095770339521555,
        0.4133100399245779
      ],
      [
        0.5606437530540057,
        0.6361159612016708,
        -0.5301274055036147,
        -0.05989974463413385
      ],
      [
        0.0,
        0.0,
        0.0,
        1.0
      ]
    ],
    "T_cam_tag": [
      [
        0.8196980643431342,
        0.11736126053190711,
        0.5606437530540055,
        -0.1529204044760732
      ],
      [
        -0.3356035108434522,
        -0.6947854110543941,
        0.6361159612016704,
        0.38176384756786097
      ],
      [
        0.46418247147179936,
        -0.7095770339521554,
        -0.5301274055036145,
        0.18337565973823075
      ],
      [
        0.0,
        0.0,
        0.0,
        1.0
      ]
    ],
    "T_camera_tag": [
      [
        0.8196980643431342,
        0.11736126053190711,
        0.5606437530540055,
        -0.1529204044760732
      ],
      [
        -0.3356035108434522,
        -0.6947854110543941,
        0.6361159612016704,
        0.38176384756786097
      ],
      [
        0.46418247147179936,
        -0.7095770339521554,
        -0.5301274055036145,
        0.18337565973823075
      ],
      [
        0.0,
        0.0,
        0.0,
        1.0
      ]
    ],
    "tag_frame": "robot",
    "robot_pose_m_rad": [
      0.23032,
      0.364178,
      -0.353216,
      -1.947,
      1.211,
      0.1
    ],
    "xyz_mm": [
      230.32,
      364.178,
      -353.21599999999995
    ],
    "rpy_rad": [
      -1.947,
      1.211,
      0.1
    ],
    "joint_deg": [
      35.18299865722656,
      -57.862998962402344,
      -55.60499954223633,
      -103.1780014038086,
      42.167999267578125,
      149.96800231933594
    ],
    "reproj_error": 0.8409547056928309,
    "frames_used": 16,
    "debug_image_path": "/home/tr4/workspace/eye_to_hand/debug_frames/1776929480.160172.png"
  },
  {
    "sample_index": 4,
    "mode": "eye_to_hand",
    "timestamp_s": 1776929494.4695957,
    "frame": "robot",
    "note": null,
    "T_base_flange": [
      [
        0.7001632452011108,
        -0.6950885057449341,
        -0.16316652297973633,
        0.34367701411247253
      ],
      [
        0.20285198092460632,
        -0.02545103430747986,
        0.9788785576820374,
        0.5144240260124207
      ],
      [
        -0.6845600605010986,
        -0.718473494052887,
        0.12318021804094315,
        -0.16555200517177582
      ],
      [
        0.0,
        0.0,
        0.0,
        1.0
      ]
    ],
    "T_tag_cam": [
      [
        0.6936388196135753,
        -0.6978645877308806,
        0.17846625764074867,
        0.1517224082010505
      ],
      [
        -0.47321001599063794,
        -0.6282683588083142,
        -0.6175363552750945,
        0.4110270544370459
      ],
      [
        0.5430814567734993,
        0.3438951679095181,
        -0.7660278355237873,
        0.06740553576505763
      ],
      [
        0.0,
        0.0,
        0.0,
        1.0
      ]
    ],
    "T_cam_tag": [
      [
        0.6936388196135754,
        -0.47321001599063794,
        0.5430814567734992,
        0.052654870311347905
      ],
      [
        -0.6978645877308804,
        -0.6282683588083141,
        0.3438951679095179,
        0.3409365507257854
      ],
      [
        0.17846625764074872,
        -0.6175363552750942,
        -0.766027835523787,
        0.27838133538905585
      ],
      [
        0.0,
        0.0,
        0.0,
        1.0
      ]
    ],
    "T_camera_tag": [
      [
        0.6936388196135754,
        -0.47321001599063794,
        0.5430814567734992,
        0.052654870311347905
      ],
      [
        -0.6978645877308804,
        -0.6282683588083141,
        0.3438951679095179,
        0.3409365507257854
      ],
      [
        0.17846625764074872,
        -0.6175363552750942,
        -0.766027835523787,
        0.27838133538905585
      ],
      [
        0.0,
        0.0,
        0.0,
        1.0
      ]
    ],
    "tag_frame": "robot",
    "robot_pose_m_rad": [
      0.343677,
      0.514424,
      -0.165552,
      -1.401,
      0.754,
      0.282
    ],
    "xyz_mm": [
      343.677,
      514.424,
      -165.552
    ],
    "rpy_rad": [
      -1.401,
      0.754,
      0.282
    ],
    "joint_deg": [
      63.867000579833984,
      -54.07699966430664,
      -42.316001892089844,
      -97.49600219726562,
      33.09000015258789,
      137.57200622558594
    ],
    "reproj_error": 0.35121412989186995,
    "frames_used": 15,
    "debug_image_path": "/home/tr4/workspace/eye_to_hand/debug_frames/1776929494.469596.png"
  },
  {
    "sample_index": 5,
    "mode": "eye_to_hand",
    "timestamp_s": 1776929512.667073,
    "frame": "robot",
    "note": null,
    "T_base_flange": [
      [
        0.5049944519996643,
        -0.7274260520935059,
        -0.4645770490169525,
        0.2453559935092926
      ],
      [
        0.2558850049972534,
        -0.38787832856178284,
        0.8854790925979614,
        0.4544120132923126
      ],
      [
        -0.8243200182914734,
        -0.5660403370857239,
        -0.009738967753946781,
        -0.21478599309921265
      ],
      [
        0.0,
        0.0,
        0.0,
        1.0
      ]
    ],
    "T_tag_cam": [
      [
        0.7185438545168413,
        -0.49558497152686154,
        0.487944940677532,
        0.13047131398462142
      ],
      [
        -0.1048401836770074,
        -0.7707596315371745,
        -0.6284410284817904,
        0.35413470718813084
      ],
      [
        0.6875341918935027,
        0.40040620173693486,
        -0.6057818159931425,
        0.01576584523204281
      ],
      [
        0.0,
        0.0,
        0.0,
        1.0
      ]
    ],
    "T_cam_tag": [
      [
        0.7185438545168413,
        -0.10484018367700734,
        0.6875341918935024,
        -0.06746137076751064
      ],
      [
        -0.4955849715268615,
        -0.7707596315371744,
        0.4004062017369346,
        0.331299616646455
      ],
      [
        0.48794494067753197,
        -0.6284410284817903,
        -0.6057818159931422,
        0.16844062439939456
      ],
      [
        0.0,
        0.0,
        0.0,
        1.0
      ]
    ],
    "T_camera_tag": [
      [
        0.7185438545168413,
        -0.10484018367700734,
        0.6875341918935024,
        -0.06746137076751064
      ],
      [
        -0.4955849715268615,
        -0.7707596315371744,
        0.4004062017369346,
        0.331299616646455
      ],
      [
        0.48794494067753197,
        -0.6284410284817903,
        -0.6057818159931422,
        0.16844062439939456
      ],
      [
        0.0,
        0.0,
        0.0,
        1.0
      ]
    ],
    "tag_frame": "robot",
    "robot_pose_m_rad": [
      0.245356,
      0.454412,
      -0.214786,
      -1.588,
      0.969,
      0.469
    ],
    "xyz_mm": [
      245.356,
      454.412,
      -214.786
    ],
    "rpy_rad": [
      -1.588,
      0.969,
      0.469
    ],
    "joint_deg": [
      56.88100051879883,
      -51.30400085449219,
      -63.505001068115234,
      -102.98100280761719,
      29.166000366210938,
      143.55499267578125
    ],
    "reproj_error": 0.6187277622255591,
    "frames_used": 17,
    "debug_image_path": "/home/tr4/workspace/eye_to_hand/debug_frames/1776929512.667073.png"
  },
  {
    "sample_index": 6,
    "mode": "eye_to_hand",
    "timestamp_s": 1776929525.4970708,
    "frame": "robot",
    "note": null,
    "T_base_flange": [
      [
        0.10586593300104141,
        -0.989723801612854,
        0.09612128138542175,
        0.062199000269174576
      ],
      [
        0.07446543127298355,
        0.10428386926651001,
        0.9917559027671814,
        0.3619599938392639
      ],
      [
        -0.991588294506073,
        -0.09783545136451721,
        0.08474031090736389,
        -0.27557098865509033
      ],
      [
        0.0,
        0.0,
        0.0,
        1.0
      ]
    ],
    "T_tag_cam": [
      [
        0.9935111243205662,
        -0.09284212395508319,
        -0.06569616328822783,
        0.07693690944160284
      ],
      [
        -0.11325325319068023,
        -0.7544630474126146,
        -0.6464976494393457,
        0.3309005713067913
      ],
      [
        0.010456887348164565,
        0.6497429107796255,
        -0.7600821030642728,
        -0.006240120777511412
      ],
      [
        0.0,
        0.0,
        0.0,
        1.0
      ]
    ],
    "T_cam_tag": [
      [
        0.9935111243205661,
        -0.11325325319068019,
        0.010456887348164549,
        -0.03889685697791828
      ],
      [
        -0.09284212395508316,
        -0.754463047412614,
        0.6497429107796252,
        0.2608497137393917
      ],
      [
        -0.0656961632882278,
        -0.6464976494393453,
        -0.7600821030642725,
        0.21423789718959824
      ],
      [
        0.0,
        0.0,
        0.0,
        1.0
      ]
    ],
    "T_camera_tag": [
      [
        0.9935111243205661,
        -0.11325325319068019,
        0.010456887348164549,
        -0.03889685697791828
      ],
      [
        -0.09284212395508316,
        -0.754463047412614,
        0.6497429107796252,
        0.2608497137393917
      ],
      [
        -0.0656961632882278,
        -0.6464976494393453,
        -0.7600821030642725,
        0.21423789718959824
      ],
      [
        0.0,
        0.0,
        0.0,
        1.0
      ]
    ],
    "tag_frame": "robot",
    "robot_pose_m_rad": [
      0.062199,
      0.36196,
      -0.275571,
      -0.857,
      1.441,
      0.613
    ],
    "xyz_mm": [
      62.199,
      361.96,
      -275.571
    ],
    "rpy_rad": [
      -0.857,
      1.441,
      0.613
    ],
    "joint_deg": [
      37.29499816894531,
      -92.38300323486328,
      -57.34400177001953,
      -58.775001525878906,
      79.2229995727539,
      109.5999984741211
    ],
    "reproj_error": 0.8923751627079392,
    "frames_used": 15,
    "debug_image_path": "/home/tr4/workspace/eye_to_hand/debug_frames/1776929525.497071.png"
  },
  {
    "sample_index": 7,
    "mode": "eye_to_hand",
    "timestamp_s": 1776929534.6190124,
    "frame": "robot",
    "note": null,
    "T_base_flange": [
      [
        0.0012258363422006369,
        -0.9812402129173279,
        0.19278496503829956,
        0.07625400274991989
      ],
      [
        -0.32290175557136536,
        0.18206967413425446,
        0.9287545680999756,
        0.3520039916038513
      ],
      [
        -0.9464316964149475,
        -0.06338910013437271,
        -0.31662100553512573,
        -0.3341119885444641
      ],
      [
        0.0,
        0.0,
        0.0,
        1.0
      ]
    ],
    "T_tag_cam": [
      [
        0.9874651428327411,
        0.0004154451424025485,
        -0.1578366848855102,
        0.12396307777856143
      ],
      [
        -0.1408954178474316,
        -0.44840350505474147,
        -0.8826566591173609,
        0.47328090866546735
      ],
      [
        -0.07114121815032301,
        0.8938311496361923,
        -0.44272429684865044,
        0.04243947315182355
      ],
      [
        0.0,
        0.0,
        0.0,
        1.0
      ]
    ],
    "T_cam_tag": [
      [
        0.9874651428327411,
        -0.14089541784743148,
        -0.07114121815032301,
        -0.052706911101281624
      ],
      [
        0.00041544514240253986,
        -0.4484035050547409,
        0.8938311496361915,
        0.17423559538533914
      ],
      [
        -0.15783668488551011,
        -0.88265665911736,
        -0.4427242968486501,
        0.4560994528212308
      ],
      [
        0.0,
        0.0,
        0.0,
        1.0
      ]
    ],
    "T_camera_tag": [
      [
        0.9874651428327411,
        -0.14089541784743148,
        -0.07114121815032301,
        -0.052706911101281624
      ],
      [
        0.00041544514240253986,
        -0.4484035050547409,
        0.8938311496361915,
        0.17423559538533914
      ],
      [
        -0.15783668488551011,
        -0.88265665911736,
        -0.4427242968486501,
        0.4560994528212308
      ],
      [
        0.0,
        0.0,
        0.0,
        1.0
      ]
    ],
    "tag_frame": "robot",
    "robot_pose_m_rad": [
      0.076254,
      0.352004,
      -0.334112,
      -2.944,
      1.242,
      -1.567
    ],
    "xyz_mm": [
      76.254,
      352.00399999999996,
      -334.112
    ],
    "rpy_rad": [
      -2.944,
      1.242,
      -1.567
    ],
    "joint_deg": [
      37.10300064086914,
      -92.38600158691406,
      -57.297000885009766,
      -34.54499816894531,
      75.86399841308594,
      106.88800048828125
    ],
    "reproj_error": 1.5112171141932436,
    "frames_used": 17,
    "debug_image_path": "/home/tr4/workspace/eye_to_hand/debug_frames/1776929534.619012.png"
  },
  {
    "sample_index": 8,
    "mode": "eye_to_hand",
    "timestamp_s": 1776929557.2414181,
    "frame": "robot",
    "note": null,
    "T_base_flange": [
      [
        -0.24280349910259247,
        -0.9668353796005249,
        -0.0792195200920105,
        0.10354000329971313
      ],
      [
        -0.3239386975765228,
        0.0038333237171173096,
        0.9460703134536743,
        0.36873799562454224
      ],
      [
        -0.9143906235694885,
        0.25537145137786865,
        -0.3141261637210846,
        -0.36528900265693665
      ],
      [
        0.0,
        0.0,
        0.0,
        1.0
      ]
    ],
    "T_tag_cam": [
      [
        0.9616255822493249,
        0.2529742544253303,
        0.10620859739962182,
        0.24342607408483072
      ],
      [
        0.20671281692054336,
        -0.4134866342391399,
        -0.8867348051285465,
        0.5174109579532541
      ],
      [
        -0.18040524073435513,
        0.874661551632136,
        -0.4499123461431609,
        0.02409603673830673
      ],
      [
        0.0,
        0.0,
        0.0,
        1.0
      ]
    ],
    "T_cam_tag": [
      [
        0.9616255822493252,
        0.20671281692054336,
        -0.18040524073435515,
        -0.3366931655420486
      ],
      [
        0.25297425442533034,
        -0.41348663423914,
        0.8746615516321362,
        0.1312861090415326
      ],
      [
        0.10620859739962187,
        -0.8867348051285467,
        -0.44991234614316095,
        0.4437934674946905
      ],
      [
        0.0,
        0.0,
        0.0,
        1.0
      ]
    ],
    "T_camera_tag": [
      [
        0.9616255822493252,
        0.20671281692054336,
        -0.18040524073435515,
        -0.3366931655420486
      ],
      [
        0.25297425442533034,
        -0.41348663423914,
        0.8746615516321362,
        0.1312861090415326
      ],
      [
        0.10620859739962187,
        -0.8867348051285467,
        -0.44991234614316095,
        0.4437934674946905
      ],
      [
        0.0,
        0.0,
        0.0,
        1.0
      ]
    ],
    "tag_frame": "robot",
    "robot_pose_m_rad": [
      0.10354,
      0.368738,
      -0.365289,
      2.459,
      1.154,
      -2.214
    ],
    "xyz_mm": [
      103.53999999999999,
      368.738,
      -365.289
    ],
    "rpy_rad": [
      2.459,
      1.154,
      -2.214
    ],
    "joint_deg": [
      35.99300003051758,
      -83.34600067138672,
      -54.35900115966797,
      -46.749000549316406,
      52.90299987792969,
      133.54800415039062
    ],
    "reproj_error": 1.118052597002728,
    "frames_used": 14,
    "debug_image_path": "/home/tr4/workspace/eye_to_hand/debug_frames/1776929557.241418.png"
  },
  {
    "sample_index": 9,
    "mode": "eye_to_hand",
    "timestamp_s": 1776929567.0940113,
    "frame": "robot",
    "note": null,
    "T_base_flange": [
      [
        0.33454376459121704,
        -0.9406679272651672,
        -0.056783080101013184,
        0.2249930053949356
      ],
      [
        -0.6476557850837708,
        -0.2732693552970886,
        0.7112424373626709,
        0.1675720065832138
      ],
      [
        -0.6845600605010986,
        -0.2011658400297165,
        -0.7006495594978333,
        -0.5108389854431152
      ],
      [
        0.0,
        0.0,
        0.0,
        1.0
      ]
    ],
    "T_tag_cam": [
      [
        0.941171149605485,
        -0.32530565108391973,
        0.09150464754949263,
        0.1563627479615728
      ],
      [
        0.08452510785778425,
        -0.035555866401749014,
        -0.9957867675893526,
        0.6129134379770949
      ],
      [
        0.3271885897948151,
        0.9449402170176102,
        -0.0059676604119380805,
        -0.18936616936720752
      ],
      [
        0.0,
        0.0,
        0.0,
        1.0
      ]
    ],
    "T_cam_tag": [
      [
        0.9411711496054851,
        0.08452510785778422,
        0.327188589794815,
        -0.13701223179686273
      ],
      [
        -0.3253056510839198,
        -0.035555866401748966,
        0.9449402170176099,
        0.25159806302510307
      ],
      [
        0.09150464754949263,
        -0.9957867675893521,
        -0.005967660411938112,
        0.5948931000809012
      ],
      [
        0.0,
        0.0,
        0.0,
        1.0
      ]
    ],
    "T_camera_tag": [
      [
        0.9411711496054851,
        0.08452510785778422,
        0.327188589794815,
        -0.13701223179686273
      ],
      [
        -0.3253056510839198,
        -0.035555866401748966,
        0.9449402170176099,
        0.25159806302510307
      ],
      [
        0.09150464754949263,
        -0.9957867675893521,
        -0.005967660411938112,
        0.5948931000809012
      ],
      [
        0.0,
        0.0,
        0.0,
        1.0
      ]
    ],
    "tag_frame": "robot",
    "robot_pose_m_rad": [
      0.224993,
      0.167572,
      -0.510839,
      -2.862,
      0.754,
      -1.094
    ],
    "xyz_mm": [
      224.993,
      167.572,
      -510.83900000000006
    ],
    "rpy_rad": [
      -2.862,
      0.754,
      -1.094
    ],
    "joint_deg": [
      9.027999877929688,
      -66.75499725341797,
      -54.30799865722656,
      -58.30500030517578,
      44.14500045776367,
      117.3489990234375
    ],
    "reproj_error": 1.1027005465614248,
    "frames_used": 16,
    "debug_image_path": "/home/tr4/workspace/eye_to_hand/debug_frames/1776929567.094011.png"
  },
  {
    "sample_index": 10,
    "mode": "eye_to_hand",
    "timestamp_s": 1776929584.9473724,
    "frame": "robot",
    "note": null,
    "T_base_flange": [
      [
        0.18920005857944489,
        -0.9801598787307739,
        -0.059076517820358276,
        0.16105900704860687
      ],
      [
        0.07186419516801834,
        -0.046180129051208496,
        0.996344804763794,
        0.3830699920654297
      ],
      [
        -0.9793053269386292,
        -0.19275398552417755,
        0.06170111522078514,
        -0.33372199535369873
      ],
      [
        0.0,
        0.0,
        0.0,
        1.0
      ]
    ],
    "T_tag_cam": [
      [
        0.9799069089786012,
        -0.17775376439421936,
        0.0904767869659819,
        0.14798574594263975
      ],
      [
        -0.07453695821247834,
        -0.7471039731528177,
        -0.6605148712630975,
        0.392142767373452
      ],
      [
        0.18500457182576485,
        0.640499221344538,
        -0.745341569926572,
        -0.034655718154120184
      ],
      [
        0.0,
        0.0,
        0.0,
        1.0
      ]
    ],
    "T_cam_tag": [
      [
        0.9799069089786012,
        -0.07453695821247829,
        0.1850045718257647,
        -0.10937165951608671
      ],
      [
        -0.17775376439421925,
        -0.7471039731528166,
        0.6404992213445373,
        0.34147340345868715
      ],
      [
        0.09047678696598192,
        -0.6605148712630969,
        -0.7453415699265714,
        0.2197965073228514
      ],
      [
        0.0,
        0.0,
        0.0,
        1.0
      ]
    ],
    "T_camera_tag": [
      [
        0.9799069089786012,
        -0.07453695821247829,
        0.1850045718257647,
        -0.10937165951608671
      ],
      [
        -0.17775376439421925,
        -0.7471039731528166,
        0.6404992213445373,
        0.34147340345868715
      ],
      [
        0.09047678696598192,
        -0.6605148712630969,
        -0.7453415699265714,
        0.2197965073228514
      ],
      [
        0.0,
        0.0,
        0.0,
        1.0
      ]
    ],
    "tag_frame": "robot",
    "robot_pose_m_rad": [
      0.161059,
      0.38307,
      -0.333722,
      -1.261,
      1.367,
      0.363
    ],
    "xyz_mm": [
      161.059,
      383.07000000000005,
      -333.72200000000004
    ],
    "rpy_rad": [
      -1.261,
      1.367,
      0.363
    ],
    "joint_deg": [
      34.96900177001953,
      -77.552001953125,
      -49.279998779296875,
      -72.80500030517578,
      63.06399917602539,
      129.07899475097656
    ],
    "reproj_error": 0.7131365278091697,
    "frames_used": 13,
    "debug_image_path": "/home/tr4/workspace/eye_to_hand/debug_frames/1776929584.947372.png"
  }
]